1 0
0 1
2 0
0 2
1 2
0 3
0 4
2 2
3 2
2 3
2 4
4 2
2 5
2 6
4 1
4 3
4 4
5 4
4 0
6 4
3 6
2 7
1 6
2 8
0 6
5 0
4 6
2 9
1 8
0 8
6 3
7 4
6 5
6 6
8 4
8 3
6 0
6 2
9 4
2 10
3 10
8 2
7 0
10 4
9 2
1 10
11 4
4 10
8 0
12 4
10 2
4 11
11 2
0 10
13 4
9 0
4 12
12 2
10 0
5 12
4 13
4 14
3 12
6 12
14 4
12 1
13 2
14 2
6 11
7 12
6 13
2 12
15 4
6 14
2 13
8 12
14 5
6 10
12 0
16 4
14 1
16 3
1 12
0 12
6 9
7 10
14 0
16 2
8 10
9 12
8 13
8 14
0 13
2 14
15 0
14 6
0 14
6 8
17 2
10 12
18 2
5 8
19 2
16 0
9 14
8 15
17 0
2 15
10 14
8 9
9 10
2 16
8 16
20 2
15 6
16 6
17 6
8 8
18 3
18 4
20 1
4 8
3 16
1 16
18 6
10 10
0 16
9 16
8 17
0 17
19 6
20 0
18 0
0 18
4 16
1 18
8 18
0 19
2 18
20 6
21 0
20 5
8 7
10 9
11 10
12 10
10 16
9 18
0 20
21 6
5 16
22 6
6 16
22 0
2 19
23 6
8 6
13 10
12 11
20 4
6 17
10 18
22 7
10 8
0 21
22 8
6 18
12 12
23 0
22 1
2 20
9 6
24 6
21 4
22 4
23 8
14 10
0 22
21 8
20 8
2 21
10 6
24 0
22 2
12 13
11 6
6 19
5 18
4 18
12 14
24 8
14 11
2 22
4 19
23 4
12 6
2 23
24 4
6 20
4 20
12 7
24 3
14 12
24 2
2 24
15 12
14 13
4 21
14 14
12 8
7 20
6 21
3 24
4 22
4 24
16 12
13 8
6 22
1 24
8 20
7 22
16 11
14 8
15 14
14 15
14 16
6 23
17 12
13 16
0 24
8 22
16 10
8 23
18 12
16 9
16 14
9 20
17 14
12 16
16 8
6 24
19 12
10 20
8 24
16 15
18 14
17 8
20 12
12 17
12 18
20 11
11 20
10 21
20 10
21 12
10 22
18 8
16 16
20 13
20 14
10 23
17 16
16 17
10 24
21 10
12 20
18 9
18 16
16 18
22 12
22 10
18 10
19 16
18 17
18 18
13 20
12 21
12 22
12 23
19 18
23 10
20 18
20 16
24 10
22 13
14 20
12 24
22 14
21 18
24 11
22 18
24 12
24 13
24 14
22 19
13 24
14 19
14 21
14 22
14 18
22 15
24 15
14 24
22 20
15 22
22 16
24 16
15 24
16 24
16 22
16 21
17 22
16 20
18 22
18 21
19 22
18 23
18 24
20 22
18 20
20 21
20 23
20 24
20 20
21 24
22 24
22 23
22 22
23 24
24 24
-1 -1
0 1
0 2
1 2
2 2
2 3
2 4
2 5
2 6
2 7
2 8
2 9
2 10
3 10
4 10
4 11
4 12
3 12
2 12
2 13
2 14
2 15
2 16
3 16
4 16
5 16
6 16
6 17
6 18
6 19
6 20
7 20
8 20
9 20
10 20
11 20
12 20
13 20
14 20
14 21
14 22
15 22
16 22
17 22
18 22
19 22
20 22
20 23
20 24
21 24
22 24
23 24
24 24
