25
1 1
25 25
1 1 1 0 1 1 1 1 1 1 1 0 1 0 1 1 1 1 1 0 1 1 1 1 1 
1 0 0 0 1 0 0 0 0 0 0 0 1 0 1 0 0 0 0 0 1 0 1 0 0 
1 1 1 1 1 0 1 0 1 1 1 1 1 1 1 0 1 1 1 1 1 0 1 0 1 
1 0 1 0 1 0 1 0 1 0 0 0 0 0 0 0 1 0 1 0 0 0 0 0 1 
1 0 1 0 1 1 1 1 1 1 1 1 1 1 1 1 1 0 1 0 1 1 1 1 1 
0 0 1 0 0 0 1 0 0 0 0 0 0 0 1 0 0 0 0 0 1 0 0 0 0 
1 1 1 1 1 0 1 0 1 1 1 1 1 0 1 1 1 1 1 1 1 1 1 1 1 
0 0 1 0 0 0 0 0 1 0 0 0 1 0 0 0 0 0 0 0 0 0 1 0 0 
1 1 1 0 1 1 1 0 1 0 1 0 1 1 1 0 1 1 1 0 1 1 1 1 1 
0 0 1 0 0 0 1 0 1 0 1 0 0 0 0 0 1 0 1 0 0 0 0 0 0 
1 1 1 1 1 0 1 1 1 1 1 1 1 1 1 0 1 0 1 0 1 1 1 1 1 
0 0 0 0 1 0 1 0 0 0 0 0 1 0 1 0 1 0 0 0 1 0 0 0 1 
1 1 1 1 1 1 1 1 1 1 1 0 1 0 1 1 1 1 1 1 1 1 1 0 1 
1 0 1 0 1 0 1 0 1 0 0 0 1 0 1 0 0 0 0 0 1 0 1 0 1 
1 0 1 0 1 0 1 0 1 1 1 0 1 0 1 1 1 1 1 0 1 0 1 0 1 
0 0 1 0 0 0 0 0 1 0 0 0 0 0 1 0 1 0 0 0 0 0 1 0 1 
1 1 1 1 1 1 1 0 1 1 1 0 1 1 1 0 1 1 1 1 1 0 1 0 1 
1 0 0 0 0 0 1 0 1 0 0 0 1 0 0 0 1 0 1 0 0 0 0 0 0 
1 1 1 0 1 1 1 0 1 1 1 0 1 0 1 0 1 0 1 1 1 1 1 0 1 
1 0 1 0 1 0 1 0 0 0 0 0 0 0 1 0 0 0 0 0 0 0 1 0 1 
1 0 1 0 1 0 1 1 1 1 1 1 1 1 1 0 1 0 1 0 1 0 1 0 1 
1 0 1 0 1 0 1 0 0 0 1 0 1 0 1 0 1 0 1 0 1 0 0 0 1 
1 0 1 0 1 0 1 1 1 0 1 0 1 0 1 1 1 1 1 1 1 0 1 0 1 
0 0 1 0 0 0 1 0 1 0 1 0 1 0 0 0 0 0 1 0 1 0 1 0 1 
1 1 1 1 1 0 1 0 1 0 1 0 1 1 1 1 1 0 1 0 1 1 1 1 1 
0 0 0 1 0.58
0 1 0 0 0.58
0 0 1 0 0.59
1 0 0 0 0.59
0 1 0 2 0.33
0 2 0 1 0.33
1 0 2 0 0.79
2 0 1 0 0.79
2 0 2 1 0.21
2 1 2 0 0.21
2 0 3 0 0.16
3 0 2 0 0.16
2 1 2 2 0.15
2 2 2 1 0.15
3 0 4 0 0.1
4 0 3 0 0.1
2 2 2 3 0.17
2 3 2 2 0.17
2 2 3 2 0.04
3 2 2 2 0.04
2 3 2 4 0.25
2 4 2 3 0.25
3 2 4 2 0.31
4 2 3 2 0.31
2 4 1 4 0.88
1 4 2 4 0.88
2 4 3 4 0.5
3 4 2 4 0.5
4 2 5 2 0.37
5 2 4 2 0.37
1 4 0 4 0.11
0 4 1 4 0.11
3 4 4 4 0.3
4 4 3 4 0.3
5 2 6 2 0.24
6 2 5 2 0.24
0 4 0 5 0.52
0 5 0 4 0.52
4 4 4 5 0.17
4 5 4 4 0.17
6 2 6 3 0.79
6 3 6 2 0.79
6 2 7 2 0.52
7 2 6 2 0.52
6 2 6 1 0.18
6 1 6 2 0.18
0 5 0 6 0.67
0 6 0 5 0.67
4 5 4 6 0.16
4 6 4 5 0.16
6 3 6 4 0.46
6 4 6 3 0.46
7 2 8 2 0.04
8 2 7 2 0.04
6 1 6 0 0.62
6 0 6 1 0.62
0 6 0 7 0.76
0 7 0 6 0.76
4 6 3 6 1
3 6 4 6 1
4 6 4 7 0.11
4 7 4 6 0.11
4 6 5 6 0.06
5 6 4 6 0.06
8 2 9 2 0.87
9 2 8 2 0.87
8 2 8 1 0.35
8 1 8 2 0.35
0 7 0 8 0.89
0 8 0 7 0.89
3 6 2 6 0.14
2 6 3 6 0.14
4 7 4 8 0.71
4 8 4 7 0.71
5 6 6 6 0.7
6 6 5 6 0.7
9 2 10 2 0.74
10 2 9 2 0.74
8 1 8 0 0.3
8 0 8 1 0.3
0 8 0 9 0.5
0 9 0 8 0.5
4 8 3 8 0.11
3 8 4 8 0.11
4 8 4 9 0.65
4 9 4 8 0.65
10 2 10 3 0.1
10 3 10 2 0.1
10 2 10 1 0.46
10 1 10 2 0.46
0 9 0 10 0.34
0 10 0 9 0.34
3 8 2 8 0.8
2 8 3 8 0.8
4 9 4 10 0.35
4 10 4 9 0.35
10 3 10 4 0.85
10 4 10 3 0.85
10 1 10 0 0.99
10 0 10 1 0.99
2 8 2 9 0.12
2 9 2 8 0.12
4 10 4 11 0.46
4 11 4 10 0.46
10 4 11 4 0.24
11 4 10 4 0.24
2 9 2 10 0.88
2 10 2 9 0.88
4 11 4 12 0.43
4 12 4 11 0.43
11 4 12 4 0.47
12 4 11 4 0.47
2 10 2 11 0.14
2 11 2 10 0.14
4 12 4 13 0.45
4 13 4 12 0.45
12 4 12 5 0.3
12 5 12 4 0.3
12 4 13 4 0.14
13 4 12 4 0.14
12 4 12 3 0.49
12 3 12 4 0.49
2 11 2 12 0.59
2 12 2 11 0.59
4 13 4 14 0.87
4 14 4 13 0.87
12 5 12 6 0.29
12 6 12 5 0.29
13 4 14 4 0.35
14 4 13 4 0.35
12 3 12 2 0.94
12 2 12 3 0.94
2 12 1 12 0.73
1 12 2 12 0.73
2 12 2 13 0.73
2 13 2 12 0.73
4 14 4 15 0.71
4 15 4 14 0.71
4 14 5 14 0.95
5 14 4 14 0.95
12 6 11 6 0.66
11 6 12 6 0.66
12 6 12 7 0.5
12 7 12 6 0.5
12 6 13 6 0.02
13 6 12 6 0.02
12 2 13 2 0.12
13 2 12 2 0.12
12 2 12 1 0.7
12 1 12 2 0.7
1 12 0 12 0.84
0 12 1 12 0.84
2 13 2 14 0.16
2 14 2 13 0.16
4 15 4 16 0.37
4 16 4 15 0.37
5 14 6 14 0.96
6 14 5 14 0.96
11 6 10 6 0.53
10 6 11 6 0.53
12 7 12 8 0.52
12 8 12 7 0.52
13 6 14 6 0.92
14 6 13 6 0.92
13 2 14 2 0.96
14 2 13 2 0.96
12 1 12 0 0.11
12 0 12 1 0.11
2 14 1 14 0.88
1 14 2 14 0.88
4 16 3 16 0.15
3 16 4 16 0.15
6 14 6 15 0.83
6 15 6 14 0.83
10 6 9 6 0.47
9 6 10 6 0.47
10 6 10 7 0.28
10 7 10 6 0.28
12 8 12 9 0.86
12 9 12 8 0.86
12 8 13 8 0.71
13 8 12 8 0.71
14 2 15 2 0.73
15 2 14 2 0.73
12 0 13 0 0.27
13 0 12 0 0.27
1 14 0 14 0.31
0 14 1 14 0.31
3 16 2 16 0.39
2 16 3 16 0.39
6 15 6 16 0.01
6 16 6 15 0.01
9 6 8 6 0.51
8 6 9 6 0.51
10 7 10 8 0.37
10 8 10 7 0.37
12 9 12 10 0.31
12 10 12 9 0.31
13 8 14 8 0.11
14 8 13 8 0.11
15 2 16 2 0.09
16 2 15 2 0.09
13 0 14 0 0.23
14 0 13 0 0.23
0 14 0 15 0.21
0 15 0 14 0.21
2 16 2 17 0.36
2 17 2 16 0.36
6 16 6 17 0.19
6 17 6 16 0.19
8 6 8 5 0.2
8 5 8 6 0.2
10 8 9 8 0.83
9 8 10 8 0.83
10 8 10 9 0.78
10 9 10 8 0.78
14 8 14 9 0.79
14 9 14 8 0.79
14 8 15 8 0.11
15 8 14 8 0.11
16 2 16 3 0.56
16 3 16 2 0.56
16 2 16 1 0.31
16 1 16 2 0.31
0 15 0 16 0.59
0 16 0 15 0.59
2 17 2 18 0.12
2 18 2 17 0.12
6 17 6 18 0.22
6 18 6 17 0.22
8 5 8 4 0.93
8 4 8 5 0.93
9 8 8 8 0.48
8 8 9 8 0.48
10 9 10 10 0.75
10 10 10 9 0.75
14 9 14 10 0.04
14 10 14 9 0.04
15 8 16 8 0.82
16 8 15 8 0.82
16 3 16 4 0.48
16 4 16 3 0.48
16 1 16 0 0.35
16 0 16 1 0.35
0 16 0 17 0.12
0 17 0 16 0.12
2 18 2 19 0.09
2 19 2 18 0.09
2 18 3 18 0.88
3 18 2 18 0.88
6 18 6 19 0.15
6 19 6 18 0.15
8 8 7 8 0.95
7 8 8 8 0.95
10 10 9 10 0.97
9 10 10 10 0.97
10 10 10 11 0.76
10 11 10 10 0.76
16 8 16 9 0.64
16 9 16 8 0.64
16 8 17 8 0.25
17 8 16 8 0.25
16 4 16 5 0.74
16 5 16 4 0.74
16 0 17 0 0.05
17 0 16 0 0.05
0 17 0 18 0.97
0 18 0 17 0.97
2 19 2 20 0.43
2 20 2 19 0.43
3 18 4 18 0.08
4 18 3 18 0.08
6 19 6 20 0.39
6 20 6 19 0.39
7 8 6 8 0.8
6 8 7 8 0.8
9 10 8 10 0.98
8 10 9 10 0.98
10 11 10 12 0.02
10 12 10 11 0.02
16 9 16 10 0.93
16 10 16 9 0.93
17 8 18 8 0.82
18 8 17 8 0.82
16 5 16 6 0.04
16 6 16 5 0.04
17 0 18 0 0.21
18 0 17 0 0.21
2 20 1 20 0.46
1 20 2 20 0.46
6 20 5 20 0.15
5 20 6 20 0.15
6 20 6 21 0.6
6 21 6 20 0.6
6 8 6 9 0.65
6 9 6 8 0.65
10 12 10 13 0.76
10 13 10 12 0.76
10 12 11 12 0.84
11 12 10 12 0.84
18 8 18 9 0.51
18 9 18 8 0.51
16 6 17 6 0.59
17 6 16 6 0.59
18 0 18 1 0.15
18 1 18 0 0.15
18 0 19 0 0.18
19 0 18 0 0.18
1 20 0 20 0.3
0 20 1 20 0.3
5 20 4 20 0.98
4 20 5 20 0.98
6 21 6 22 0.02
6 22 6 21 0.02
6 9 6 10 0.24
6 10 6 9 0.24
10 13 10 14 0.75
10 14 10 13 0.75
11 12 12 12 0.5
12 12 11 12 0.5
18 9 18 10 0.82
18 10 18 9 0.82
17 6 18 6 0.31
18 6 17 6 0.31
18 1 18 2 0.03
18 2 18 1 0.03
19 0 20 0 0.55
20 0 19 0 0.55
0 20 0 21 0.46
0 21 0 20 0.46
4 20 4 21 0.55
4 21 4 20 0.55
6 22 6 23 0.31
6 23 6 22 0.31
6 22 7 22 0.72
7 22 6 22 0.72
6 10 6 11 0.23
6 11 6 10 0.23
10 14 11 14 0.77
11 14 10 14 0.77
12 12 13 12 0.48
13 12 12 12 0.48
18 6 19 6 0.58
19 6 18 6 0.58
18 6 18 5 0.32
18 5 18 6 0.32
18 2 19 2 0.84
19 2 18 2 0.84
20 0 21 0 0.94
21 0 20 0 0.94
0 21 0 22 0.59
0 22 0 21 0.59
4 21 4 22 0.04
4 22 4 21 0.04
6 23 6 24 0.75
6 24 6 23 0.75
7 22 8 22 0.11
8 22 7 22 0.11
6 11 6 12 0.58
6 12 6 11 0.58
11 14 12 14 0.9
12 14 11 14 0.9
13 12 14 12 0.24
14 12 13 12 0.24
19 6 20 6 0.93
20 6 19 6 0.93
18 5 18 4 0.22
18 4 18 5 0.22
19 2 20 2 0.82
20 2 19 2 0.82
21 0 22 0 0.36
22 0 21 0 0.36
0 22 0 23 0.87
0 23 0 22 0.87
0 22 1 22 0.52
1 22 0 22 0.52
4 22 4 23 0.93
4 23 4 22 0.93
8 22 8 23 0.3
8 23 8 22 0.3
8 22 8 21 0.34
8 21 8 22 0.34
6 12 7 12 0.47
7 12 6 12 0.47
12 14 12 15 0.25
12 15 12 14 0.25
12 14 13 14 0.24
13 14 12 14 0.24
20 6 20 7 0.97
20 7 20 6 0.97
20 6 21 6 0.65
21 6 20 6 0.65
18 4 19 4 0.52
19 4 18 4 0.52
20 2 21 2 0.27
21 2 20 2 0.27
0 23 0 24 0.39
0 24 0 23 0.39
1 22 2 22 0.75
2 22 1 22 0.75
4 23 4 24 0.3
4 24 4 23 0.3
8 23 8 24 0.69
8 24 8 23 0.69
8 21 8 20 0.03
8 20 8 21 0.03
7 12 8 12 0.77
8 12 7 12 0.77
12 15 12 16 0.64
12 16 12 15 0.64
13 14 14 14 0.25
14 14 13 14 0.25
20 7 20 8 0.51
20 8 20 7 0.51
21 6 22 6 0.69
22 6 21 6 0.69
19 4 20 4 0.53
20 4 19 4 0.53
21 2 22 2 0.68
22 2 21 2 0.68
4 24 3 24 0.23
3 24 4 24 0.23
8 12 8 13 0.44
8 13 8 12 0.44
12 16 11 16 0.34
11 16 12 16 0.34
12 16 12 17 0.61
12 17 12 16 0.61
14 14 14 15 0.84
14 15 14 14 0.84
14 14 15 14 0.18
15 14 14 14 0.18
20 8 20 9 0.87
20 9 20 8 0.87
22 6 22 7 0.18
22 7 22 6 0.18
22 6 23 6 0.46
23 6 22 6 0.46
20 4 21 4 0.59
21 4 20 4 0.59
22 2 23 2 0.18
23 2 22 2 0.18
3 24 2 24 0.44
2 24 3 24 0.44
8 13 8 14 0.33
8 14 8 13 0.33
11 16 10 16 0.6
10 16 11 16 0.6
12 17 12 18 0.39
12 18 12 17 0.39
14 15 14 16 0.63
14 16 14 15 0.63
15 14 16 14 0.55
16 14 15 14 0.55
20 9 20 10 0.45
20 10 20 9 0.45
22 7 22 8 0.63
22 8 22 7 0.63
23 6 24 6 0.75
24 6 23 6 0.75
21 4 22 4 0.46
22 4 21 4 0.46
23 2 24 2 0.9
24 2 23 2 0.9
10 16 9 16 0.06
9 16 10 16 0.06
12 18 12 19 0.43
12 19 12 18 0.43
14 16 14 17 0.07
14 17 14 16 0.07
14 16 15 16 0.76
15 16 14 16 0.76
16 14 16 13 0.37
16 13 16 14 0.37
20 10 20 11 0.66
20 11 20 10 0.66
20 10 21 10 0.46
21 10 20 10 0.46
22 8 23 8 0.04
23 8 22 8 0.04
24 2 24 3 0.41
24 3 24 2 0.41
24 2 24 1 0.86
24 1 24 2 0.86
9 16 8 16 0.28
8 16 9 16 0.28
12 19 12 20 0.62
12 20 12 19 0.62
14 17 14 18 0.73
14 18 14 17 0.73
15 16 16 16 0.86
16 16 15 16 0.86
16 13 16 12 0.57
16 12 16 13 0.57
20 11 20 12 0.94
20 12 20 11 0.94
21 10 22 10 0.59
22 10 21 10 0.59
23 8 24 8 0.83
24 8 23 8 0.83
24 3 24 4 0.18
24 4 24 3 0.18
24 1 24 0 0.61
24 0 24 1 0.61
8 16 8 17 0.73
8 17 8 16 0.73
12 20 11 20 0.08
11 20 12 20 0.08
12 20 12 21 0.35
12 21 12 20 0.35
12 20 13 20 0.9
13 20 12 20 0.9
16 16 16 17 0.39
16 17 16 16 0.39
16 16 17 16 0.25
17 16 16 16 0.25
16 12 17 12 0.81
17 12 16 12 0.81
20 12 20 13 0.9
20 13 20 12 0.9
20 12 21 12 0.53
21 12 20 12 0.53
22 10 23 10 0.38
23 10 22 10 0.38
8 17 8 18 0.62
8 18 8 17 0.62
11 20 10 20 0.17
10 20 11 20 0.17
12 21 12 22 0.98
12 22 12 21 0.98
13 20 14 20 0
14 20 13 20 0
16 17 16 18 0.28
16 18 16 17 0.28
17 16 18 16 0.42
18 16 17 16 0.42
17 12 18 12 0.04
18 12 17 12 0.04
20 13 20 14 0.38
20 14 20 13 0.38
21 12 22 12 0.16
22 12 21 12 0.16
23 10 24 10 0.1
24 10 23 10 0.1
8 18 9 18 0.61
9 18 8 18 0.61
10 20 10 21 0.8
10 21 10 20 0.8
12 22 13 22 0.99
13 22 12 22 0.99
16 18 16 19 0.49
16 19 16 18 0.49
16 18 17 18 0.23
17 18 16 18 0.23
20 14 19 14 0.85
19 14 20 14 0.85
20 14 21 14 0.32
21 14 20 14 0.32
22 12 23 12 0.15
23 12 22 12 0.15
9 18 10 18 0.5
10 18 9 18 0.5
10 21 10 22 0.4
10 22 10 21 0.4
13 22 14 22 0.25
14 22 13 22 0.25
16 19 16 20 0.45
16 20 16 19 0.45
17 18 18 18 0.29
18 18 17 18 0.29
19 14 18 14 0.25
18 14 19 14 0.25
21 14 22 14 0.3
22 14 21 14 0.3
23 12 24 12 0.49
24 12 23 12 0.49
10 22 10 23 0.6
10 23 10 22 0.6
14 22 15 22 0.99
15 22 14 22 0.99
18 18 18 19 0.17
18 19 18 18 0.17
22 14 22 15 1
22 15 22 14 1
24 12 24 13 0.68
24 13 24 12 0.68
10 23 10 24 0.2
10 24 10 23 0.2
15 22 16 22 0.57
16 22 15 22 0.57
18 19 18 20 0.19
18 20 18 19 0.19
22 15 22 16 0.98
22 16 22 15 0.98
24 13 24 14 0.65
24 14 24 13 0.65
10 24 11 24 0.42
11 24 10 24 0.42
18 20 18 21 0.44
18 21 18 20 0.44
22 16 21 16 0.67
21 16 22 16 0.67
22 16 22 17 0.76
22 17 22 16 0.76
24 14 24 15 0.88
24 15 24 14 0.88
11 24 12 24 0.12
12 24 11 24 0.12
18 21 18 22 0.04
18 22 18 21 0.04
21 16 20 16 0.22
20 16 21 16 0.22
22 17 22 18 0.43
22 18 22 17 0.43
24 15 24 16 0.15
24 16 24 15 0.15
12 24 13 24 0.01
13 24 12 24 0.01
18 22 19 22 0.27
19 22 18 22 0.27
22 18 21 18 0.65
21 18 22 18 0.65
22 18 22 19 0.04
22 19 22 18 0.04
22 18 23 18 0.85
23 18 22 18 0.85
13 24 14 24 0.09
14 24 13 24 0.09
19 22 20 22 0.99
20 22 19 22 0.99
21 18 20 18 0.71
20 18 21 18 0.71
22 19 22 20 0.86
22 20 22 19 0.86
23 18 24 18 0.03
24 18 23 18 0.03
14 24 15 24 0.75
15 24 14 24 0.75
22 20 21 20 0.52
21 20 22 20 0.52
22 20 23 20 0.17
23 20 22 20 0.17
15 24 16 24 0.62
16 24 15 24 0.62
21 20 20 20 0.37
20 20 21 20 0.37
23 20 24 20 0.62
24 20 23 20 0.62
24 20 24 21 0.89
24 21 24 20 0.89
24 21 24 22 0.87
24 22 24 21 0.87
24 22 23 22 0.11
23 22 24 22 0.11
24 22 24 23 0.75
24 23 24 22 0.75
23 22 22 22 0.09
22 22 23 22 0.09
24 23 24 24 0.12
24 24 24 23 0.12
24 24 23 24 0.39
23 24 24 24 0.39
23 24 22 24 0.68
22 24 23 24 0.68
22 24 21 24 0.44
21 24 22 24 0.44
21 24 20 24 0.78
20 24 21 24 0.78
20 24 19 24 0.44
19 24 20 24 0.44
19 24 18 24 0.26
18 24 19 24 0.26
